1 0 -1 0 1 0 -1 0
0 1 1 0 0 -1 -1 0
0 0 1 1 1 0 0 0 
0 0 0 1 1 1 1 0 
0 0 0 0 1 1 1 1
0 0 0 0 0 1 1 1
0 0 0 0 0 0 1 1
0 0 0 0 0 0 0 1

POWER 2

1	0	-2	-1	1	1	-1	0
0	1	2	1	1	-2	-3	-2
0	0	1	2	3	2	2	1
0	0	0	1	2	3	4	3
0	0	0	0	1	2	3	4
0	0	0	0	0	1	2	3
0	0	0	0	0	0	1	2
0	0	0	0	0	0	0	1

POWER 3

1	0	-3	-3	-1	1	-1	1
0	1	3	3	4	-1	-4	-6
0	0	1	3	6	7	9	8
0	0	0	1	3	6	10	12
0	0	0	0	1	3	6	10
0	0	0	0	0	1	3	6
0	0	0	0	0	0	1	3
0	0	0	0	0	0	0	1

POWER 4

1	0	-4	-6	-6	-3	-5	0
0	1	4	6	10	5	1	-7
0	0	1	4	10	16	25	30
0	0	0	1	4	10	20	31
0	0	0	0	1	4	10	20
0	0	0	0	0	1	4	10
0	0	0	0	0	0	1	4
0	0	0	0	0	0	0	1

POWER 5

1	0	-5	-10	-15	-15	-21	-14
0	1	5	10	20	20	21	9
0	0	1	5	15	30	55	81
0	0	0	1	5	15	35	65
0	0	0	0	1	5	15	35
0	0	0	0	0	1	5	15
0	0	0	0	0	0	1	5
0	0	0	0	0	0	0	1

POWER 6

1	0	-6	-15	-29	-40	-62	-65
0	1	6	15	35	49	70	70
0	0	1	6	21	50	105	181
0	0	0	1	6	21	56	120
0	0	0	0	1	6	21	56
0	0	0	0	0	1	6	21
0	0	0	0	0	0	1	6
0	0	0	0	0	0	0	1

POWER 7

1	0	-7	-21	-49	-84	-147	-196
0	1	7	21	56	98	168	224
0	0	1	7	28	77	182	357
0	0	0	1	7	28	84	203
0	0	0	0	1	7	28	84
0	0	0	0	0	1	7	28
0	0	0	0	0	0	1	7
0	0	0	0	0	0	0	1


WITH MODULOS APPLIED

1 0 -1 0 1 0 -1 0
0 1 1 0 0 -1 -1 0
0 0 1 1 1 0 0 0 
0 0 0 1 1 1 1 0 
0 0 0 0 1 1 1 1
0 0 0 0 0 1 1 1
0 0 0 0 0 0 1 1
0 0 0 0 0 0 0 1

POWER 2

1	0	-2	-1	1	1	-1	0
0	1	2	1	1	-2	-3	-2
0	0	1	2	3	2	2	1
0	0	0	1	2	3	4	3
0	0	0	0	1	2	3	4
0	0	0	0	0	1	2	3
0	0	0	0	0	0	1	2
0	0	0	0	0	0	0	1

POWER 3

1	0	-3	-3	-1	1	-1	1
0	1	3	3	4	-1	-4	-6
0	0	1	3	6	7	9	8
0	0	0	1	3	6	0	2
0	0	0	0	1	3	6	0
0	0	0	0	0	1	3	6
0	0	0	0	0	0	1	3
0	0	0	0	0	0	0	1

POWER 4

1	0	-4	-6	-6	-3	-5	0
0	1	4	6	0	5	1	-7
0	0	1	4	0	6	5	0
0	0	0	1	4	0	0	1
0	0	0	0	1	4	0	0
0	0	0	0	0	1	4	0
0	0	0	0	0	0	1	4
0	0	0	0	0	0	0	1

POWER 5

1	0	-5		-5	-5	-1	-4
0	1	5	0	0	0	1	9
0	0	1	5	5	0	5	1
0	0	0	1	5	5	5	5
0	0	0	0	1	5	5	5
0	0	0	0	0	1	5	5
0	0	0	0	0	0	1	5
0	0	0	0	0	0	0	1

POWER 6

1	0	-6	-5	-9	0	-2	-5
0	1	6	5	5	9	0	0
0	0	1	6	1	0	5	1
0	0	0	1	6	1	6	0
0	0	0	0	1	6	1	6
0	0	0	0	0	1	6	1
0	0	0	0	0	0	1	6
0	0	0	0	0	0	0	1

POWER 7

1	0	-7	-1	-9	-4	-7	-6
0	1	7	1	6	8	8	4
0	0	1	7	8	7	2	7
0	0	0	1	7	8	4	3
0	0	0	0	1	7	8	4
0	0	0	0	0	1	7	8
0	0	0	0	0	0	1	7
0	0	0	0	0	0	0	1
